0 16079412032852476990258825591264679631331086641573757470912228188849051502636 7154554874845586045149927577655003297337643472559877709531337813331805921051 19471972291456148688683070508884803059439381952852013850182031358063644432810 1963790416223335601038866259361326637053751132387518451676526570847036589276
0 14245896988822074634462877189130456453645710579220880326378295300544217334541 13145057583913966937374073982376382847213343027856136018006417526623251435925
0 5926497178701430581582431663681384587510904777308463665554909867697561222025 1544857099723274912817090501011348303844158495348607337613881826357197207688 11502311134490459469064580215639555161950935204195534309941838267462962410929 9948097954847577058749162145638816094533968428080838603100360878282278709867
0 17563346111346853090667203283886849915469165048726380263132531131059121005692 7547912234370500270675596898080315974422513360011391586462814413259951906964 3715838285100241290676957468359657017417496900909702310645821733913228783473 18118149082075541363310036067814227408441679092948264726863210080901087744299
0 18688701442342316385617000146604471849471541064776858016324645300386175854738 10552034469017071644547987544042703435686808879514382202819510234916746242863
0 14829736824661412286721588194197966062560004319025305195875624620681847230575 1937107413368490177600728321306586673978409241580367168594171458204455971668 21733770152362479855289626004658056066167491489866240880709202143594601270156 6562876899383021368439491171471945214608232886227553744021926926277088973725
0 1118469806595379233822423079189651007020279291918199756748730557081506092756 19640587598935461408365677500226419587272897449184392450479223437056504629259 18004283520468784513109579677512378022608587753559248454571976398271692010988 20772711795582926445892076206033765098325746708739351129881811180615649816708
0 6975235895751766156418510758419783669004114612510323598919843470949358895478 19713860420483891372662864693635323546870168856911532234853794838434542894737
0
0
0


